listing_id,high,medium,low
7142618,0.038181,0.696183,0.265637
7210040,0.007533,0.014984,0.977483
7103890,0.006342,0.103508,0.890150
7143442,0.010056,0.218365,0.771580
6860601,0.013593,0.263065,0.723342
6840081,0.000132,0.010852,0.989016
6922337,0.018563,0.238894,0.742543
6913616,0.014200,0.215981,0.769819
6937820,0.015372,0.385574,0.599054
6893933,0.011456,0.207387,0.781157
6832604,0.000912,0.016679,0.982409
6915282,0.025664,0.351685,0.622651
7127565,0.042741,0.534863,0.422397
6827899,0.000264,0.012215,0.987521
6934855,0.000074,0.006004,0.993922
6861826,0.000690,0.088148,0.911163
6871643,0.023458,0.338898,0.637644
6842542,0.000040,0.012776,0.987184
6934145,0.000415,0.020400,0.979185
6829365,0.060675,0.406746,0.532578
7167858,0.002976,0.162115,0.834910
6859483,0.002590,0.160459,0.836952
6861377,0.030978,0.147878,0.821145
6848960,0.033261,0.251967,0.714773
6918850,0.000006,0.000367,0.999627
6916867,0.349459,0.565513,0.085028
6895840,0.007786,0.115042,0.877172
6813539,0.332242,0.538286,0.129472
7116900,0.088006,0.475539,0.436455
6890328,0.000468,0.004415,0.995117
6879406,0.091518,0.027351,0.881131
6824924,0.058506,0.355809,0.585684
6911302,0.001165,0.002988,0.995847
6918742,0.091678,0.651109,0.257213
6910586,0.000706,0.089134,0.910160
6821750,0.009036,0.207314,0.783650
6860647,0.229913,0.465668,0.304419
6932873,0.068132,0.504418,0.427450
6846053,0.005499,0.088430,0.906071
6940365,0.018009,0.143652,0.838339
6931867,0.001347,0.102546,0.896107
6876383,0.000091,0.008343,0.991566
6910980,0.049021,0.244163,0.706816
6880877,0.004834,0.057841,0.937325
6839552,0.251708,0.625470,0.122821
6838051,0.452845,0.523117,0.024038
6928201,0.530943,0.300546,0.168511
6945608,0.013631,0.517804,0.468564
6816147,0.018729,0.130009,0.851262
6868129,0.040239,0.230255,0.729506
6849448,0.040532,0.305802,0.653666
7113677,0.565858,0.397279,0.036863
6930856,0.001896,0.049829,0.948275
6889594,0.146219,0.479109,0.374672
6842682,0.000125,0.020331,0.979544
6880366,0.239396,0.592497,0.168107
6835063,0.000075,0.006202,0.993722
6820479,0.317872,0.423004,0.259124
6882057,0.004446,0.081013,0.914541
6834440,0.086477,0.415295,0.498229
6880846,0.000019,0.001426,0.998554
6847248,0.000135,0.003004,0.996861
6868368,0.000012,0.002749,0.997239
6943505,0.000036,0.000867,0.999097
7174304,0.001039,0.013336,0.985625
6880747,0.099389,0.449695,0.450916
6933565,0.005393,0.268722,0.725885
6888511,0.000070,0.003873,0.996057
6942704,0.053871,0.570887,0.375242
6840304,0.028260,0.293478,0.678262
6856860,0.000638,0.030918,0.968444
6884921,0.000017,0.001081,0.998903
6937417,0.000598,0.005623,0.993778
6831129,0.000105,0.009228,0.990666
6936660,0.148017,0.437422,0.414561
6940667,0.014856,0.140592,0.844552
7201307,0.000039,0.002022,0.997938
6825434,0.000641,0.049151,0.950207
6848114,0.000885,0.003011,0.996104
6947758,0.897811,0.087875,0.014314
6897002,0.054752,0.338727,0.606521
6926661,0.000118,0.019561,0.980321
6867411,0.051266,0.509643,0.439091
6910154,0.043301,0.236464,0.720235
7157900,0.054430,0.395687,0.549884
6922324,0.022767,0.100057,0.877176
6863068,0.000348,0.051008,0.948644
6912109,0.000759,0.008710,0.990531
6918609,0.083047,0.319707,0.597246
6889300,0.075394,0.638280,0.286326
6837794,0.075809,0.357606,0.566585
6943098,0.329971,0.600629,0.069400
6927601,0.071418,0.493725,0.434857
6897826,0.000018,0.001980,0.998002
6882892,0.000893,0.018856,0.980251
6873384,0.470278,0.444455,0.085267
6934693,0.000163,0.003963,0.995874
7224450,0.002206,0.151750,0.846044
6898157,0.000034,0.001289,0.998677
6837355,0.000163,0.006265,0.993572
6830595,0.050097,0.375940,0.573963
6943561,0.204523,0.553274,0.242203
6844380,0.228199,0.643946,0.127855
6814286,0.001873,0.034827,0.963299
6898520,0.170903,0.455319,0.373778
6940979,0.539266,0.378722,0.082012
6851090,0.018015,0.024941,0.957044
7107169,0.011496,0.348603,0.639900
6830287,0.014160,0.034380,0.951460
6933575,0.028487,0.473421,0.498092
6938972,0.147371,0.727697,0.124933
6888315,0.000017,0.000821,0.999163
6855106,0.006986,0.141634,0.851380
6838237,0.308729,0.479003,0.212268
6901024,0.057202,0.168406,0.774391
6846627,0.001533,0.030902,0.967565
7219857,0.000005,0.000768,0.999227
6852685,0.023486,0.142389,0.834126
6831610,0.024642,0.305190,0.670168
6943538,0.002058,0.034521,0.963421
6911637,0.000040,0.001199,0.998762
6854543,0.000733,0.006124,0.993142
6940451,0.043401,0.595416,0.361184
6819530,0.394422,0.243919,0.361659
7093396,0.013260,0.439321,0.547419
6840326,0.002283,0.026081,0.971636
6834204,0.002051,0.016820,0.981129
6902518,0.080715,0.246327,0.672958
6930253,0.017586,0.176490,0.805925
6828293,0.000066,0.002896,0.997038
7203744,0.985490,0.014410,0.000100
6816478,0.012623,0.111553,0.875825
6868890,0.004923,0.010189,0.984888
6879338,0.057578,0.517782,0.424640
6898532,0.001449,0.043925,0.954626
6899965,0.000977,0.016328,0.982695
7133875,0.000039,0.002519,0.997443
6822218,0.125951,0.274017,0.600032
6814018,0.601803,0.246490,0.151707
6896376,0.046485,0.309049,0.644466
6918670,0.209859,0.671938,0.118203
6867839,0.000106,0.017213,0.982681
6823554,0.000543,0.012249,0.987208
6934798,0.001261,0.016199,0.982539
6820823,0.048785,0.658457,0.292758
6880212,0.003879,0.089821,0.906300
6934814,0.000065,0.003660,0.996275
7254134,0.000019,0.000279,0.999701
6938303,0.448090,0.411375,0.140535
6813807,0.012604,0.348955,0.638441
6878604,0.000045,0.000161,0.999794
6876763,0.000005,0.000320,0.999676
6844352,0.000116,0.003120,0.996763
6915939,0.040408,0.214521,0.745071
7109370,0.019628,0.190723,0.789649
6855445,0.011470,0.284013,0.704518
6818668,0.011785,0.452969,0.535246
6836527,0.000017,0.000822,0.999161
6831717,0.002023,0.063763,0.934213
6937162,0.028098,0.209876,0.762026
6922876,0.000754,0.019581,0.979665
7109482,0.010780,0.289530,0.699690
6940972,0.016487,0.185510,0.798002
6883790,0.031769,0.247690,0.720541
6921643,0.014191,0.240965,0.744844
6935700,0.000058,0.033414,0.966527
6827025,0.002850,0.129108,0.868042
6943096,0.002013,0.020131,0.977856
7161468,0.000159,0.005826,0.994015
6879610,0.000280,0.009969,0.989751
6935762,0.040857,0.410662,0.548481
6925042,0.013583,0.136902,0.849515
7121050,0.021585,0.279773,0.698642
6821601,0.000170,0.000865,0.998965
6926810,0.000646,0.046575,0.952780
6946532,0.008178,0.180883,0.810939
6875171,0.040368,0.491042,0.468589
7096285,0.020451,0.454582,0.524966
6812321,0.000611,0.002790,0.996599
6822697,0.094660,0.343785,0.561555
6941294,0.001659,0.191037,0.807304
6873564,0.000330,0.010159,0.989511
6926791,0.006682,0.219283,0.774035
7142444,0.730134,0.249100,0.020766
6878128,0.048438,0.765581,0.185981
6927428,0.001943,0.292166,0.705891
6812674,0.000245,0.001895,0.997860
6881774,0.092978,0.462510,0.444512
7167797,0.000346,0.015968,0.983687
6865238,0.020081,0.760286,0.219633
6841710,0.022210,0.342229,0.635561
6856334,0.001068,0.010445,0.988487
6906462,0.002584,0.066496,0.930920
6837438,0.026401,0.254588,0.719011
6908277,0.272034,0.598844,0.129121
6841291,0.000252,0.003067,0.996681
6915178,0.017624,0.259791,0.722585
6893031,0.218775,0.492827,0.288398
6894985,0.316278,0.594952,0.088769
6931134,0.014112,0.130516,0.855372
6872264,0.444087,0.370963,0.184950
6816953,0.091592,0.696916,0.211492
7163518,0.363133,0.589300,0.047567
6893253,0.003658,0.147891,0.848451
6943822,0.001737,0.080554,0.917709
6946313,0.006208,0.183177,0.810615
6839443,0.001958,0.032774,0.965267
6911338,0.035213,0.231704,0.733083
7223877,0.856019,0.120335,0.023646
6917884,0.008362,0.433071,0.558566
6823126,0.000535,0.011447,0.988017
6939488,0.003190,0.009967,0.986843
7196924,0.000476,0.006990,0.992535
6905685,0.000060,0.000496,0.999444
6894092,0.000046,0.002998,0.996956
6812181,0.000269,0.014286,0.985445
6854610,0.118510,0.649910,0.231580
6873754,0.087423,0.453861,0.458716
6859181,0.963389,0.034573,0.002038
6825402,0.000233,0.036051,0.963716
6819526,0.001918,0.115328,0.882754
6896065,0.000090,0.022168,0.977741
6931793,0.007287,0.193526,0.799188
6907360,0.011038,0.245606,0.743356
6813182,0.000256,0.012323,0.987420
6823959,0.001055,0.004306,0.994640
6942189,0.134097,0.575347,0.290556
6844384,0.036880,0.319385,0.643736
6836888,0.107490,0.527327,0.365183
6917844,0.005328,0.111410,0.883263
6937842,0.053222,0.876689,0.070088
6926917,0.007238,0.206653,0.786110
7160740,0.028797,0.223469,0.747734
6936310,0.007336,0.150116,0.842548
6849109,0.195191,0.509991,0.294818
6831018,0.000080,0.002962,0.996958
6909842,0.000010,0.005305,0.994685
6861360,0.000190,0.022449,0.977360
6883414,0.082903,0.317606,0.599491
6876026,0.003949,0.062978,0.933073
7095390,0.000024,0.001559,0.998416
6932265,0.466851,0.475457,0.057691
6870949,0.004435,0.186235,0.809330
6831335,0.014190,0.329220,0.656591
6895698,0.102788,0.367056,0.530157
6889889,0.095474,0.409345,0.495181
6876679,0.002590,0.051729,0.945680
6947097,0.487025,0.265313,0.247662
6874970,0.000449,0.002116,0.997435
6831069,0.283504,0.596979,0.119517
6833628,0.012485,0.363684,0.623831
6819282,0.008863,0.213504,0.777633
6825025,0.002162,0.100432,0.897406
6856513,0.303395,0.389834,0.306771
6928711,0.000009,0.001146,0.998845
6832548,0.157356,0.576561,0.266083
6881870,0.004064,0.168807,0.827129
6866978,0.544517,0.388525,0.066958
7163400,0.510257,0.448723,0.041019
6917187,0.016772,0.083731,0.899497
6927475,0.032038,0.520636,0.447325
6903243,0.218164,0.296695,0.485141
6876188,0.006224,0.063095,0.930680
6922219,0.000546,0.057266,0.942188
7104085,0.000011,0.000508,0.999481
6920897,0.118088,0.775229,0.106683
6812177,0.000688,0.007123,0.992188
6941047,0.089870,0.572600,0.337529
6827609,0.000122,0.002470,0.997409
6934328,0.000738,0.006431,0.992831
6937556,0.172839,0.783530,0.043631
6879765,0.103998,0.602265,0.293737
6942927,0.000332,0.033482,0.966186
6945170,0.026668,0.342951,0.630381
6901915,0.010524,0.217186,0.772291
6824475,0.001496,0.009570,0.988934
6832968,0.010071,0.094058,0.895871
7166718,0.000072,0.009284,0.990643
6905079,0.002815,0.195184,0.802001
6940297,0.119421,0.835167,0.045412
6911080,0.097863,0.518421,0.383717
6917208,0.000170,0.004584,0.995246
6858925,0.021223,0.309760,0.669017
7169883,0.143627,0.554767,0.301606
6944112,0.123907,0.750202,0.125890
6885816,0.011696,0.172180,0.816124
6837733,0.002662,0.134758,0.862580
6828658,0.066451,0.328704,0.604844
6839429,0.194868,0.365119,0.440013
7164794,0.007301,0.023107,0.969592
6837661,0.080421,0.278720,0.640859
6883255,0.002385,0.169561,0.828054
6833054,0.001714,0.109106,0.889180
7675463,0.000054,0.001183,0.998763
6871526,0.018339,0.262902,0.718759
6876295,0.010965,0.139247,0.849788
7204045,0.000086,0.004737,0.995177
6840357,0.102628,0.672741,0.224631
6917531,0.000248,0.021261,0.978491
6886057,0.833141,0.153992,0.012867
6833734,0.015851,0.765073,0.219076
6908098,0.046871,0.291485,0.661645
6860562,0.009657,0.121147,0.869195
6859167,0.443576,0.548859,0.007565
6812141,0.000059,0.000831,0.999110
6919431,0.000972,0.066412,0.932616
6869389,0.005149,0.332283,0.662568
6906034,0.001223,0.024142,0.974635
7108495,0.000024,0.000797,0.999179
6864681,0.000291,0.006676,0.993033
6893982,0.001124,0.038297,0.960579
6862160,0.002677,0.091380,0.905943
6854804,0.005721,0.332565,0.661713
7143164,0.009914,0.547954,0.442132
6936651,0.030991,0.105445,0.863564
6837450,0.019661,0.097888,0.882451
6908259,0.992681,0.007108,0.000211
6916539,0.011109,0.188547,0.800345
6947176,0.099400,0.250476,0.650124
6933958,0.411307,0.527581,0.061112
6816549,0.138915,0.698406,0.162679
6876117,0.000761,0.034591,0.964647
6848605,0.012707,0.291656,0.695637
6840659,0.087242,0.161579,0.751179
6823496,0.201278,0.332405,0.466317
6912609,0.000002,0.000395,0.999603
7097937,0.001693,0.048222,0.950085
6924524,0.012854,0.281507,0.705639
6938236,0.100216,0.312232,0.587552
6865751,0.002231,0.021005,0.976763
6936323,0.000548,0.075952,0.923500
6868422,0.030472,0.196805,0.772723
7210133,0.001571,0.144168,0.854261
7215631,0.017583,0.096592,0.885825
6940189,0.001110,0.077868,0.921023
6888941,0.000108,0.026890,0.973002
6831598,0.023075,0.284417,0.692508
6939963,0.001354,0.050447,0.948200
6897175,0.073176,0.709968,0.216857
6816167,0.014941,0.114299,0.870759
6812965,0.018080,0.120368,0.861552
7149372,0.471953,0.464240,0.063807
6875959,0.002841,0.013073,0.984086
6925644,0.115592,0.589235,0.295173
6874269,0.189193,0.610621,0.200186
6814721,0.001350,0.006363,0.992287
6922432,0.031332,0.459917,0.508750
6858861,0.000902,0.013239,0.985859
6835339,0.000257,0.003969,0.995773
6896997,0.172622,0.664889,0.162488
6921134,0.000049,0.001104,0.998847
6883685,0.268262,0.619708,0.112030
6911406,0.000011,0.001929,0.998060
6825733,0.329679,0.122407,0.547913
6884462,0.201913,0.406651,0.391435
6858682,0.003982,0.031666,0.964353
6894013,0.114087,0.654846,0.231067
6856391,0.554598,0.229042,0.216359
6828064,0.000261,0.032840,0.966899
6817336,0.000017,0.002581,0.997401
6819178,0.031237,0.254811,0.713953
7147339,0.214507,0.543496,0.241997
6887757,0.128880,0.756325,0.114795
6946859,0.023785,0.299512,0.676703
6855963,0.000304,0.001594,0.998102
6839828,0.054560,0.374453,0.570987
6870806,0.060699,0.512301,0.427000
6880221,0.063344,0.728934,0.207722
6921809,0.013016,0.283495,0.703489
6897069,0.090173,0.439278,0.470548
6897157,0.354562,0.545120,0.100318
6898912,0.005222,0.187501,0.807278
6856271,0.003802,0.113293,0.882904
6888381,0.000006,0.002089,0.997905
7099191,0.000400,0.006713,0.992887
6917882,0.254751,0.573875,0.171373
6931260,0.000001,0.000488,0.999511
6849996,0.018685,0.378656,0.602659
6887973,0.046742,0.581184,0.372074
6850205,0.168931,0.660794,0.170275
6845657,0.010242,0.269774,0.719984
6930302,0.004280,0.083050,0.912670
6852391,0.001270,0.006394,0.992336
6920411,0.152416,0.276402,0.571182
6907999,0.000523,0.031359,0.968118
6864094,0.005218,0.075959,0.918822
6813852,0.007075,0.088845,0.904081
7232295,0.113480,0.681358,0.205162
6896558,0.023242,0.243756,0.733002
6858919,0.119063,0.419984,0.460953
6847828,0.013234,0.126338,0.860428
6925116,0.027409,0.205238,0.767354
6854687,0.002366,0.026213,0.971421
6946415,0.044180,0.737033,0.218787
6827859,0.000015,0.000479,0.999506
6884313,0.507324,0.397121,0.095555
6848651,0.004151,0.019660,0.976189
7136298,0.011870,0.129683,0.858447
6874534,0.208078,0.332788,0.459134
6908942,0.441900,0.530788,0.027312
6894718,0.000377,0.038540,0.961083
6876449,0.023271,0.297787,0.678942
6825630,0.040647,0.466404,0.492949
7155655,0.001190,0.019405,0.979406
7201310,0.000199,0.011592,0.988209
6864334,0.000273,0.024033,0.975694
6876658,0.001215,0.059261,0.939524
6842370,0.263612,0.487270,0.249118
6835467,0.789841,0.180298,0.029860
7227368,0.003842,0.059524,0.936634
6859482,0.008986,0.215196,0.775818
6878641,0.000089,0.003500,0.996411
6869916,0.000003,0.000652,0.999345
6841060,0.014772,0.245249,0.739979
6887832,0.004993,0.235552,0.759456
6905898,0.000393,0.010099,0.989508
7104742,0.303995,0.625722,0.070283
6948090,0.028125,0.274663,0.697212
6839851,0.127571,0.714798,0.157631
6934051,0.000831,0.015944,0.983225
6888727,0.133281,0.572365,0.294354
7167478,0.001163,0.085462,0.913375
6892109,0.208846,0.701481,0.089674
6908544,0.771707,0.199274,0.029019
6921725,0.066485,0.546239,0.387276
6932343,0.066671,0.730513,0.202816
6914309,0.000897,0.010608,0.988495
6919805,0.005650,0.012607,0.981743
6947828,0.004391,0.325444,0.670165
6920362,0.012390,0.258224,0.729387
7110179,0.698442,0.257282,0.044277
6877834,0.587065,0.274780,0.138155
6876966,0.022813,0.191250,0.785937
6823918,0.002929,0.021983,0.975088
6871243,0.000051,0.002117,0.997832
6928189,0.115129,0.603544,0.281328
6852455,0.046292,0.198319,0.755390
7208631,0.031966,0.336302,0.631732
6831811,0.127743,0.655247,0.217010
6904276,0.000040,0.004324,0.995636
6831589,0.015834,0.263988,0.720178
6901814,0.075183,0.595288,0.329529
6854667,0.934156,0.042445,0.023400
7192650,0.000152,0.028315,0.971534
6836299,0.001172,0.006586,0.992243
6887919,0.002067,0.076121,0.921813
6927679,0.069090,0.432794,0.498116
6855908,0.009206,0.158627,0.832167
6854766,0.001077,0.041677,0.957246
6847472,0.005613,0.047171,0.947216
6862519,0.107956,0.135551,0.756493
6938819,0.442777,0.364780,0.192443
6945434,0.087149,0.377100,0.535751
6832722,0.920159,0.039466,0.040375
6852707,0.000604,0.015270,0.984126
7177680,0.012373,0.402150,0.585477
6834945,0.000192,0.001799,0.998009
6890316,0.001423,0.066979,0.931598
6816620,0.000130,0.047472,0.952398
6945175,0.001048,0.057617,0.941335
6914016,0.002078,0.065591,0.932331
6852619,0.004335,0.132058,0.863606
6813211,0.040645,0.177276,0.782079
6820546,0.000938,0.049489,0.949573
6836128,0.000203,0.005383,0.994414
6850557,0.049658,0.835908,0.114434
6864997,0.124480,0.027429,0.848091
6883705,0.006429,0.040524,0.953048
6898767,0.001686,0.014120,0.984194
6866020,0.006027,0.115790,0.878183
7126382,0.444909,0.480159,0.074932
6847427,0.147184,0.486196,0.366620
6841013,0.001659,0.124405,0.873936
6909469,0.000004,0.002158,0.997838
6922473,0.002363,0.048151,0.949486
6925906,0.046659,0.408063,0.545278
6946014,0.127589,0.512545,0.359866
6820739,0.006203,0.242583,0.751214
6927559,0.537813,0.348508,0.113680
7174772,0.000028,0.000733,0.999239
6931036,0.005860,0.249004,0.745136
6918163,0.000922,0.021974,0.977104
6893604,0.268197,0.472495,0.259308
6868844,0.049681,0.657333,0.292987
6814537,0.711967,0.251071,0.036963
6916118,0.000320,0.001731,0.997949
6838509,0.025917,0.281256,0.692827
6919725,0.238977,0.419428,0.341595
6932476,0.000019,0.004722,0.995259
6860496,0.054601,0.497175,0.448225
7156799,0.191246,0.544506,0.264248
6837521,0.208516,0.158079,0.633405
6913204,0.010892,0.772905,0.216203
6947516,0.005235,0.278054,0.716710
6838117,0.003076,0.035455,0.961469
6933366,0.001743,0.114942,0.883315
7134198,0.002640,0.139472,0.857888
6898450,0.017596,0.279391,0.703012
6819926,0.000907,0.027419,0.971674
6947698,0.037996,0.171607,0.790397
6838721,0.000023,0.000252,0.999725
6936661,0.072612,0.685083,0.242305
6912257,0.028943,0.284614,0.686443
6905569,0.001338,0.085113,0.913549
6927167,0.210288,0.595198,0.194514
7150689,0.002441,0.064795,0.932764
6820358,0.002231,0.143645,0.854124
6945045,0.272312,0.537874,0.189814
6866884,0.046956,0.322183,0.630861
6820658,0.024565,0.236242,0.739193
6826462,0.030935,0.555107,0.413958
6932390,0.004782,0.280537,0.714681
6905031,0.677073,0.235867,0.087061
6923011,0.003269,0.125907,0.870824
6908504,0.387495,0.481533,0.130972
6881050,0.144269,0.286967,0.568765
6892968,0.004885,0.182021,0.813095
7346996,0.001314,0.000801,0.997885
6876206,0.003177,0.216698,0.780126
6813475,0.007509,0.417001,0.575490
7190057,0.000237,0.000934,0.998829
6838465,0.074955,0.237539,0.687507
6899364,0.013736,0.089536,0.896729
6891616,0.000008,0.000463,0.999529
6836715,0.000272,0.044301,0.955428
6829616,0.004383,0.164439,0.831177
6829144,0.003195,0.219423,0.777381
6893064,0.002704,0.120844,0.876452
6861300,0.000062,0.020722,0.979216
6926847,0.021991,0.693918,0.284090
6894021,0.000830,0.013882,0.985288
6897946,0.000383,0.007047,0.992571
6835716,0.000691,0.036436,0.962874
6832160,0.740962,0.247747,0.011292
6835291,0.017717,0.300222,0.682061
6945184,0.000578,0.060527,0.938895
7140488,0.079850,0.416597,0.503552
6937850,0.007056,0.204877,0.788067
6899603,0.000863,0.075404,0.923733
6903105,0.601288,0.305760,0.092952
6828476,0.006822,0.102737,0.890441
6835098,0.000159,0.003124,0.996716
6830512,0.007995,0.156560,0.835446
6879997,0.271410,0.266428,0.462161
7131517,0.045380,0.544724,0.409896
6835955,0.158743,0.595828,0.245429
6875250,0.005142,0.128697,0.866161
6932794,0.328357,0.506270,0.165373
6948263,0.009293,0.506304,0.484403
6867201,0.587571,0.321305,0.091124
6882748,0.001056,0.001970,0.996974
6902842,0.154160,0.790277,0.055563
6847535,0.003906,0.447935,0.548159
6825267,0.014657,0.088427,0.896916
6909277,0.000037,0.002153,0.997811
7152429,0.210569,0.740808,0.048624
6931179,0.000268,0.012934,0.986798
6896746,0.084160,0.444162,0.471678
6937073,0.000428,0.120804,0.878767
6934627,0.000002,0.005702,0.994296
6887878,0.224110,0.543862,0.232028
6921531,0.049875,0.353573,0.596552
6897461,0.000061,0.001620,0.998319
6862066,0.050448,0.350351,0.599201
6851531,0.050013,0.603533,0.346454
6928550,0.000144,0.003937,0.995919
6945851,0.022574,0.147639,0.829787
6946955,0.000023,0.000187,0.999790
6869136,0.022175,0.820831,0.156994
6908667,0.009703,0.244360,0.745936
6820525,0.004833,0.237365,0.757802
6887970,0.026377,0.684193,0.289430
6848365,0.003023,0.250428,0.746549
6816173,0.002974,0.040408,0.956618
6900732,0.000001,0.000245,0.999754
6815786,0.119965,0.455187,0.424848
6945972,0.020128,0.577746,0.402126
6848445,0.001209,0.057372,0.941419
6856486,0.084691,0.499641,0.415667
6867010,0.001102,0.109865,0.889033
6828257,0.002116,0.008023,0.989861
6871807,0.004264,0.172671,0.823065
7212966,0.000001,0.000195,0.999804
6889959,0.000959,0.012557,0.986483
6915510,0.002277,0.086528,0.911195
6905402,0.000858,0.035047,0.964094
6826100,0.011702,0.537269,0.451029
6848893,0.001119,0.124881,0.874000
7155647,0.515267,0.328559,0.156173
6812883,0.265274,0.712945,0.021780
6866095,0.000745,0.023297,0.975958
6931127,0.000020,0.000305,0.999675
6829407,0.000278,0.004282,0.995439
6867548,0.494151,0.457014,0.048835
7132575,0.158355,0.591264,0.250381
6890847,0.001337,0.054443,0.944220
6916429,0.000222,0.005310,0.994468
6884716,0.814820,0.180201,0.004978
6896897,0.753465,0.227304,0.019231
6941572,0.018763,0.138829,0.842408
6945277,0.044727,0.331026,0.624246
7133293,0.000566,0.021933,0.977501
7213385,0.000023,0.001034,0.998944
6831928,0.006477,0.359961,0.633562
6932687,0.000399,0.029889,0.969712
6873877,0.005922,0.084655,0.909423
7135459,0.186092,0.615126,0.198782
6876620,0.000307,0.009903,0.989790
6936163,0.008039,0.166360,0.825600
6912398,0.045079,0.321983,0.632939
6917655,0.000122,0.002108,0.997769
6941149,0.000581,0.010703,0.988715
6941378,0.004556,0.103068,0.892376
6882453,0.015005,0.160018,0.824977
7119160,0.031726,0.267906,0.700369
6868451,0.115517,0.539709,0.344775
6945881,0.000695,0.042203,0.957102
6822541,0.000015,0.021944,0.978041
6884355,0.010440,0.291601,0.697959
7132247,0.008269,0.218108,0.773623
6872049,0.015777,0.311807,0.672416
6890740,0.002023,0.041004,0.956973
6840897,0.136490,0.287055,0.576455
6847694,0.005357,0.099223,0.895420
6938196,0.000772,0.096128,0.903100
6939526,0.000604,0.009205,0.990192
6917529,0.000089,0.003255,0.996656
6885636,0.001848,0.190955,0.807196
7202614,0.000027,0.003708,0.996265
6926453,0.054369,0.671498,0.274133
6844636,0.089573,0.656872,0.253555
6879293,0.726619,0.221623,0.051758
6924780,0.560190,0.330523,0.109287
6881024,0.000792,0.016073,0.983135
6851374,0.156553,0.398159,0.445287
6850953,0.004721,0.041878,0.953402
6892292,0.000625,0.045381,0.953994
6886159,0.000195,0.017302,0.982503
6849877,0.124808,0.508825,0.366367
6940840,0.003349,0.058880,0.937771
6926838,0.024406,0.369134,0.606460
6879243,0.618107,0.343040,0.038853
6944286,0.001414,0.009547,0.989039
6915587,0.061619,0.855829,0.082552
6881904,0.070334,0.167147,0.762519
7154358,0.090823,0.284621,0.624556
6899258,0.001739,0.344314,0.653947
6855460,0.384770,0.548458,0.066772
6864884,0.007369,0.096515,0.896116
6868209,0.095002,0.423001,0.481996
6853834,0.054171,0.393732,0.552096
7210020,0.009939,0.270827,0.719234
6933228,0.003219,0.218884,0.777898
6929227,0.043863,0.188298,0.767840
7192346,0.060967,0.542649,0.396385
6928834,0.001205,0.125440,0.873355
6812269,0.001155,0.008602,0.990243
6851446,0.016552,0.305423,0.678025
6930820,0.000346,0.024669,0.974985
6875310,0.043090,0.196526,0.760384
6932397,0.012658,0.426636,0.560706
6904291,0.000065,0.005061,0.994874
6921642,0.020993,0.669474,0.309533
7136057,0.202606,0.354232,0.443163
6920815,0.018753,0.194630,0.786616
6861757,0.445104,0.517136,0.037760
6934222,0.331634,0.434041,0.234325
6946448,0.000287,0.021336,0.978377
6890569,0.164013,0.405838,0.430149
6884477,0.022577,0.405933,0.571490
7145006,0.000146,0.037417,0.962438
6893718,0.000338,0.021844,0.977818
6893330,0.002470,0.017824,0.979706
6901780,0.000035,0.003311,0.996654
6815738,0.073043,0.782887,0.144070
6917209,0.001299,0.010022,0.988680
6904227,0.000050,0.003597,0.996353
6894402,0.000009,0.002239,0.997752
7146083,0.003312,0.090746,0.905942
6902153,0.000419,0.018424,0.981157
6925988,0.048744,0.715926,0.235330
6881323,0.000008,0.001187,0.998805
6937405,0.001726,0.002722,0.995552
7098390,0.146534,0.655618,0.197848
6935942,0.356846,0.574396,0.068758
6833510,0.284949,0.369594,0.345457
6812857,0.005356,0.026849,0.967795
6828441,0.003422,0.065833,0.930745
6915711,0.363504,0.594720,0.041775
6880643,0.498716,0.417451,0.083833
7224930,0.012361,0.556387,0.431252
6852614,0.000024,0.010288,0.989688
6853816,0.006391,0.036152,0.957457
6811964,0.709800,0.263784,0.026416
6847800,0.000107,0.010384,0.989509
6859897,0.034683,0.589129,0.376187
6882929,0.003055,0.034095,0.962849
7157584,0.001984,0.045817,0.952199
6863444,0.000054,0.003384,0.996562
6836902,0.008506,0.062318,0.929176
6918960,0.124060,0.584846,0.291093
6882854,0.016339,0.362988,0.620673
6822755,0.000161,0.003629,0.996210
6815184,0.074958,0.321655,0.603387
6846582,0.002227,0.025194,0.972579
6940309,0.000739,0.085018,0.914243
6924056,0.001257,0.076000,0.922743
6824481,0.000359,0.152051,0.847590
6839735,0.006544,0.028927,0.964529
6900130,0.010913,0.236534,0.752553
6946739,0.001139,0.016588,0.982274
7144008,0.012432,0.252293,0.735275
6863751,0.000696,0.010835,0.988469
6820293,0.015405,0.213045,0.771550
6818472,0.001315,0.144437,0.854248
6832420,0.024633,0.214081,0.761287
6879450,0.000094,0.001874,0.998032
6943618,0.006082,0.452351,0.541568
6883463,0.015547,0.090490,0.893963
6834919,0.552155,0.251444,0.196400
7505696,0.000083,0.001183,0.998734
6903645,0.000577,0.020468,0.978955
6831148,0.497990,0.373232,0.128778
6828948,0.026622,0.148686,0.824693
6878495,0.003300,0.104873,0.891827
6924862,0.000501,0.083913,0.915586
6887802,0.008189,0.043803,0.948008
6903228,0.448749,0.450366,0.100885
6947415,0.000005,0.000233,0.999763
6941508,0.252200,0.505502,0.242298
6856111,0.025365,0.205623,0.769013
7126808,0.000990,0.087949,0.911061
6939857,0.000389,0.018538,0.981073
6822528,0.156395,0.658382,0.185222
6947631,0.127454,0.440076,0.432470
6887810,0.000682,0.118093,0.881225
6849210,0.001415,0.016838,0.981747
6901742,0.000097,0.033346,0.966558
6850925,0.432327,0.539939,0.027735
7181995,0.054845,0.637846,0.307309
6841559,0.000041,0.001116,0.998842
6822957,0.003018,0.012008,0.984974
6943349,0.000097,0.002127,0.997775
6923825,0.000543,0.012042,0.987416
6871218,0.261150,0.612102,0.126747
6932761,0.501769,0.422290,0.075942
7168983,0.005546,0.123370,0.871083
6853713,0.276179,0.452141,0.271680
6814124,0.003427,0.150393,0.846180
6828980,0.003921,0.372768,0.623311
6939747,0.000513,0.043720,0.955768
6862615,0.039840,0.500329,0.459831
6911182,0.023091,0.176803,0.800106
6947421,0.008797,0.095370,0.895833
7163662,0.000067,0.000781,0.999152
6933362,0.007900,0.346229,0.645871
6822086,0.212636,0.602816,0.184548
6939543,0.004713,0.149948,0.845339
6882675,0.270290,0.443717,0.285993
6925986,0.000305,0.011055,0.988640
6927417,0.086951,0.660096,0.252952
6824119,0.126780,0.243403,0.629817
6923589,0.056336,0.496966,0.446698
7205380,0.000025,0.002045,0.997929
6904992,0.054992,0.580733,0.364275
6857676,0.049820,0.540868,0.409312
6942001,0.038052,0.432987,0.528961
7187800,0.001648,0.065658,0.932693
6877985,0.221379,0.737364,0.041257
6821414,0.000496,0.001650,0.997854
6864512,0.000098,0.002524,0.997379
6827448,0.002456,0.136257,0.861287
6908603,0.008700,0.116926,0.874373
7229431,0.000642,0.057452,0.941907
6887335,0.007877,0.052733,0.939390
6882828,0.159105,0.327062,0.513832
6899958,0.006799,0.289632,0.703569
6824008,0.016452,0.353613,0.629935
6903906,0.000892,0.006739,0.992368
7115894,0.255705,0.602229,0.142066
6941723,0.006952,0.209506,0.783542
6839785,0.382674,0.328560,0.288766
6886776,0.002896,0.168355,0.828749
6916643,0.000156,0.012795,0.987049
6913846,0.032910,0.335416,0.631674
6890122,0.000894,0.017967,0.981139
6835099,0.001644,0.027537,0.970818
6945428,0.047959,0.381076,0.570965
6887669,0.007165,0.337129,0.655706
6935132,0.000011,0.000775,0.999215
6857587,0.005208,0.040136,0.954656
6935498,0.017861,0.322012,0.660127
6947868,0.157893,0.557823,0.284284
6850003,0.023512,0.446780,0.529708
6852354,0.002622,0.002270,0.995109
6919832,0.000631,0.008548,0.990822
6812510,0.000057,0.001949,0.997994
6896715,0.215516,0.547751,0.236733
7227507,0.026955,0.146912,0.826133
6887453,0.005975,0.074797,0.919228
6921056,0.002333,0.011860,0.985808
6932635,0.275891,0.489973,0.234136
6893393,0.000316,0.010851,0.988832
6940659,0.082983,0.286125,0.630892
6891517,0.000021,0.000438,0.999541
6818991,0.001547,0.038606,0.959847
6899307,0.052553,0.388801,0.558645
7175517,0.001219,0.033871,0.964910
6895415,0.004835,0.115891,0.879274
6945124,0.022691,0.159033,0.818276
6878796,0.009313,0.543329,0.447357
6901435,0.042822,0.478487,0.478691
7098987,0.630057,0.280282,0.089662
6868925,0.161933,0.579695,0.258372
6862452,0.544136,0.393204,0.062661
6904865,0.000215,0.012009,0.987776
6872445,0.015835,0.423041,0.561124
6816856,0.008234,0.076039,0.915728
6910410,0.000534,0.063174,0.936292
6847518,0.119948,0.463409,0.416643
6860992,0.010481,0.090974,0.898544
7093387,0.005962,0.210936,0.783102
6891540,0.007044,0.054338,0.938618
6928645,0.000172,0.003910,0.995918
6874105,0.001196,0.112102,0.886703
6819576,0.015143,0.239280,0.745577
6817538,0.000006,0.000832,0.999163
6819741,0.566108,0.370111,0.063781
6878626,0.549931,0.361109,0.088960
6901210,0.003315,0.141436,0.855249
6888879,0.030581,0.413743,0.555676
6888947,0.023964,0.486539,0.489497
6883374,0.000006,0.005130,0.994864
6836031,0.002690,0.012440,0.984870
6851387,0.000007,0.000622,0.999371
6907149,0.021078,0.430035,0.548887
6882595,0.476238,0.348969,0.174793
6816916,0.003001,0.076115,0.920884
6878470,0.000008,0.000389,0.999603
6865752,0.003254,0.135854,0.860893
7217321,0.161275,0.409305,0.429420
6944366,0.037215,0.394123,0.568662
6918425,0.131809,0.639645,0.228546
6821736,0.002663,0.145058,0.852279
6936271,0.038389,0.769950,0.191661
6874179,0.076109,0.366125,0.557766
7135281,0.000682,0.004171,0.995148
6942663,0.070589,0.075874,0.853537
6903026,0.188332,0.595144,0.216524
6824421,0.000630,0.034993,0.964377
6820128,0.000082,0.008078,0.991840
6850604,0.002598,0.124562,0.872840
7120955,0.000674,0.037041,0.962285
6847409,0.003496,0.292345,0.704159
7056210,0.000141,0.010976,0.988883
6939935,0.000235,0.001857,0.997908
6844699,0.013587,0.621258,0.365155
6833246,0.109059,0.384635,0.506306
6845220,0.133635,0.469001,0.397364
6824273,0.241667,0.688553,0.069780
6873326,0.425203,0.425778,0.149019
6941227,0.002763,0.057371,0.939866
6899355,0.000262,0.004392,0.995346
6880235,0.213175,0.474151,0.312675
6850018,0.010449,0.588394,0.401157
6818489,0.053844,0.561467,0.384689
7159592,0.008265,0.222887,0.768848
7200711,0.044133,0.434325,0.521542
6842278,0.005829,0.082044,0.912127
6829488,0.006170,0.082147,0.911683
6916976,0.000176,0.009119,0.990706
6863573,0.000391,0.005750,0.993859
6900303,0.000004,0.001035,0.998960
6830686,0.008312,0.298390,0.693298
7088285,0.056340,0.334531,0.609129
6875119,0.206748,0.430134,0.363118
6852969,0.000219,0.006021,0.993760
6834964,0.000465,0.007372,0.992163
6888066,0.003589,0.804630,0.191781
6862580,0.020745,0.382894,0.596361
6902903,0.241772,0.438405,0.319822
6940227,0.015287,0.109629,0.875084
7094978,0.000445,0.003456,0.996099
6849775,0.025181,0.229546,0.745273
6852514,0.004433,0.373018,0.622548
6908752,0.130289,0.524748,0.344964
6926813,0.003618,0.432447,0.563935
6867168,0.011717,0.234848,0.753435
6916938,0.000032,0.003369,0.996599
7217282,0.794250,0.192629,0.013121
6830318,0.601473,0.286337,0.112190
6841129,0.065087,0.065854,0.869060
6933898,0.262661,0.498033,0.239306
6852224,0.000107,0.002415,0.997478
6855108,0.163068,0.766101,0.070831
6857681,0.095325,0.447442,0.457233
7167282,0.000389,0.014547,0.985063
6939214,0.000457,0.009679,0.989864
6922283,0.038999,0.467548,0.493453
6859605,0.000353,0.013171,0.986476
6904148,0.012478,0.148595,0.838927
6882954,0.041357,0.628240,0.330403
6939093,0.000297,0.016695,0.983007
6831383,0.000073,0.005050,0.994877
6894471,0.000008,0.003593,0.996399
6931008,0.137206,0.815385,0.047410
6838588,0.006869,0.037338,0.955792
6851730,0.000648,0.023147,0.976205
6911988,0.000355,0.024203,0.975442
6814325,0.021631,0.287116,0.691253
6838809,0.226113,0.370805,0.403082
6822777,0.126329,0.531531,0.342140
6887378,0.029718,0.506313,0.463969
6913098,0.000085,0.012645,0.987270
6936520,0.181676,0.696709,0.121614
6837850,0.108388,0.447660,0.443952
6918818,0.000122,0.067624,0.932254
6897497,0.000084,0.002699,0.997217
6936577,0.091099,0.494745,0.414156
6826594,0.111662,0.596069,0.292268
6865047,0.002477,0.154955,0.842568
6823879,0.157458,0.598790,0.243752
6914868,0.907176,0.086099,0.006725
6863654,0.000050,0.003548,0.996402
6907061,0.179217,0.400477,0.420305
7180725,0.002385,0.052184,0.945431
7205244,0.010971,0.191865,0.797164
6856962,0.006038,0.015904,0.978058
6885323,0.000152,0.006025,0.993823
6912379,0.946752,0.044908,0.008340
6858148,0.000210,0.024258,0.975532
6814582,0.011304,0.465847,0.522849
6940703,0.073265,0.272727,0.654008
7181144,0.023465,0.384263,0.592272
6825868,0.005141,0.120424,0.874436
6889020,0.004820,0.239410,0.755770
6869287,0.000006,0.000212,0.999781
6871054,0.007523,0.235275,0.757202
6870018,0.003708,0.122287,0.874005
6895217,0.009701,0.440057,0.550241
6855875,0.003140,0.031573,0.965286
7185369,0.054599,0.269557,0.675844
6848724,0.062332,0.072334,0.865334
6912010,0.056950,0.637325,0.305725
6911483,0.094202,0.594076,0.311722
6826557,0.235754,0.288343,0.475903
6893666,0.000726,0.058281,0.940993
6946801,0.004702,0.119102,0.876196
6871189,0.000791,0.008062,0.991147
6844700,0.134324,0.729562,0.136114
6832474,0.000145,0.010349,0.989506
6922129,0.010927,0.126477,0.862597
6941269,0.007036,0.079382,0.913581
6850111,0.000493,0.023383,0.976124
6871721,0.000255,0.034098,0.965647
6834277,0.000008,0.001028,0.998964
6815020,0.026426,0.029355,0.944219
6839790,0.250274,0.541766,0.207961
6929149,0.011964,0.067397,0.920639
6832299,0.176510,0.249504,0.573985
6908265,0.003362,0.226724,0.769914
6819513,0.002776,0.117034,0.880190
6922046,0.007998,0.279496,0.712505
6911700,0.003347,0.060154,0.936499
7132375,0.700069,0.239799,0.060132
6826330,0.044101,0.651003,0.304895
6892358,0.161059,0.701467,0.137474
6844735,0.017507,0.444277,0.538216
6830282,0.000183,0.008215,0.991602
6831883,0.000203,0.003654,0.996143
6861551,0.250376,0.333879,0.415744
6857472,0.000073,0.004601,0.995326
6844170,0.138901,0.537938,0.323161
6870992,0.023262,0.229157,0.747581
6824420,0.011046,0.117587,0.871367
6842673,0.004209,0.034225,0.961566
6870166,0.874696,0.102976,0.022328
6923521,0.001334,0.043589,0.955077
6923067,0.069829,0.497000,0.433171
7102369,0.247831,0.620950,0.131219
6918324,0.005733,0.131391,0.862876
6875753,0.000097,0.023839,0.976064
6858106,0.175522,0.441130,0.383347
6945544,0.002196,0.095096,0.902708
6843762,0.000004,0.000428,0.999568
6916249,0.001835,0.062759,0.935407
6881283,0.077586,0.307407,0.615007
6905410,0.000695,0.030597,0.968709
6892408,0.090768,0.287636,0.621596
6930990,0.078476,0.675618,0.245906
6835400,0.015483,0.036926,0.947591
6867680,0.000237,0.012304,0.987460
6910555,0.005882,0.125206,0.868912
7178838,0.250075,0.313232,0.436693
6925050,0.002436,0.249035,0.748529
6831230,0.540578,0.355049,0.104373
6884393,0.226013,0.614207,0.159779
6850763,0.009003,0.038136,0.952861
6835259,0.000088,0.000777,0.999135
6878793,0.000560,0.001435,0.998005
6843709,0.000982,0.006928,0.992090
6880861,0.021934,0.204334,0.773733
6927246,0.026013,0.366731,0.607256
6884364,0.037289,0.447020,0.515691
6932934,0.001505,0.158128,0.840367
6943694,0.094290,0.747069,0.158642
6831730,0.000043,0.002818,0.997139
6844928,0.078448,0.601308,0.320244
6885511,0.002145,0.008890,0.988965
6844807,0.290141,0.540933,0.168925
6817080,0.000399,0.011564,0.988037
6851413,0.005433,0.064286,0.930281
6918623,0.000678,0.096092,0.903230
6932080,0.356883,0.586525,0.056592
7117345,0.000003,0.001407,0.998590
6821425,0.000235,0.003984,0.995782
6924403,0.008225,0.201739,0.790036
6854123,0.000019,0.003950,0.996031
6852889,0.015838,0.190934,0.793228
6866387,0.012099,0.081640,0.906261
6858128,0.047949,0.218541,0.733510
6905129,0.092746,0.600471,0.306783
6932035,0.029582,0.161348,0.809070
6884265,0.052273,0.533453,0.414274
6936966,0.036135,0.304427,0.659438
6881098,0.001076,0.031058,0.967866
6869941,0.004311,0.060371,0.935318
6864713,0.001672,0.032685,0.965642
6905259,0.000154,0.018266,0.981581
6889865,0.019074,0.766621,0.214305
6870562,0.033941,0.244099,0.721960
7124351,0.015590,0.286862,0.697549
6857644,0.000426,0.018603,0.980971
6891045,0.769808,0.207179,0.023013
6929039,0.018702,0.384320,0.596978
6916229,0.000105,0.005924,0.993971
6833556,0.650072,0.289790,0.060138
6838951,0.242629,0.431907,0.325464
6868487,0.002100,0.039809,0.958091
6869690,0.001546,0.004393,0.994061
6864005,0.096165,0.472520,0.431315
6923234,0.046167,0.321046,0.632787
6827182,0.009317,0.196889,0.793794
7146069,0.000396,0.017426,0.982178
6890503,0.000030,0.000831,0.999139
6911066,0.010748,0.332432,0.656820
6876163,0.196435,0.187947,0.615617
6920433,0.007870,0.211373,0.780757
6826987,0.300002,0.536570,0.163428
6831058,0.050685,0.138971,0.810344
6944184,0.000332,0.002291,0.997377
6868480,0.012390,0.221124,0.766486
7097198,0.000086,0.001961,0.997953
6914595,0.001152,0.018097,0.980751
6879535,0.013864,0.296367,0.689769
6900971,0.001509,0.060324,0.938167
6878555,0.059637,0.308375,0.631988
6839324,0.185489,0.379675,0.434836
6819925,0.000219,0.004853,0.994928
6839386,0.097730,0.308390,0.593880
6825584,0.006025,0.199922,0.794052
7201758,0.079465,0.172819,0.747715
6864463,0.081453,0.316753,0.601794
6815348,0.000076,0.001641,0.998283
6820756,0.112184,0.148941,0.738874
6858699,0.006043,0.152736,0.841222
6843115,0.005702,0.004492,0.989806
6850824,0.000037,0.001120,0.998843
6937635,0.001156,0.069567,0.929277
6828911,0.087302,0.302321,0.610377
7154618,0.010097,0.160697,0.829206
6939143,0.088393,0.411295,0.500312
6823169,0.000353,0.010537,0.989111
6924844,0.087078,0.663896,0.249027
6815925,0.421848,0.445273,0.132880
6947389,0.000018,0.001012,0.998970
7203267,0.135898,0.418145,0.445957
6825953,0.037369,0.268669,0.693962
6833542,0.055632,0.502746,0.441623
6854302,0.000246,0.021507,0.978248
6843122,0.002540,0.011539,0.985921
6851851,0.001413,0.055594,0.942993
6879971,0.491936,0.465592,0.042472
7136227,0.000060,0.002812,0.997128
6925138,0.000223,0.152296,0.847480
6875050,0.001558,0.046621,0.951821
6935199,0.105312,0.331123,0.563564
6848027,0.008249,0.453220,0.538531
6904795,0.492293,0.203081,0.304626
6818781,0.001883,0.059636,0.938481
6871081,0.083164,0.731438,0.185398
6888945,0.015116,0.328398,0.656485
6925993,0.000770,0.024420,0.974809
6928183,0.546905,0.354630,0.098466
6847449,0.000034,0.003621,0.996344
6857762,0.003205,0.162049,0.834746
6942172,0.000083,0.016636,0.983281
6916747,0.000552,0.091405,0.908043
6813002,0.148352,0.489219,0.362429
6923932,0.000018,0.002494,0.997489
6939669,0.021357,0.061869,0.916774
6854566,0.049501,0.322775,0.627724
6909019,0.098516,0.855547,0.045937
6869921,0.000008,0.000651,0.999341
6864519,0.019993,0.351431,0.628576
6849438,0.000787,0.023398,0.975814
6916590,0.120855,0.289610,0.589535
6947299,0.164207,0.486581,0.349212
7152604,0.000058,0.001380,0.998563
6894914,0.552416,0.245029,0.202554
